#Wavelength  Flux 
#(A)         (erg/s/cm**2/A) 
# Source: Bohlin, L.C.R., Castelli, F., 1996, Reference Solar Spectrum -
# Text file of Absolute Flux distribution of the Sun from 0.12-2.5 microns
# in ergs/s/cm**2/A vs A as constructed by L.Colina, R. Bohlin and Fiorella
# Castelli, The Astronomical Journal, 112, 307.
1195     0.008861501
1205     0.06945
1215     0.6080999
1225     0.1437
1235     0.0062695
1245     0.0040755
1255     0.003378
1265     0.0041625
1275     0.002415
1285     0.0019545
1295     0.004668
1305     0.01381
1315     0.004481
1325     0.0046495
1335     0.019305
1345     0.005063
1355     0.0041965
1365     0.0034325
1375     0.003226
1385     0.0044945
1395     0.008899
1405     0.0068195
1415     0.0046125
1425     0.005121
1435     0.005579
1445     0.0055705
1455     0.0060395
1465     0.0076935
1475     0.0091945
1485     0.008851
1495     0.008617001
1505     0.009397
1515     0.0100065
1525     0.012685
1535     0.014125
1545     0.022625
1555     0.023435
1565     0.01982
1575     0.018435
1585     0.017945
1595     0.01871
1605     0.0207
1615     0.023815
1625     0.02703
1635     0.030875
1645     0.032145
1655     0.04616
1665     0.04274
1675     0.041415
1685     0.048405
1695     0.06239
1705     0.070175
1715     0.073305
1725     0.0772
1735     0.081255
1745     0.096355
1755     0.1147
1765     0.1299
1775     0.1497
1785     0.1646
1795     0.1685
1805     0.19605
1815     0.2399
1825     0.23965
1835     0.2392
1845     0.21935
1855     0.24535
1865     0.287
1875     0.3198
1885     0.34945
1895     0.37935
1905     0.39925
1915     0.4422
1925     0.43775
1935     0.4032
1945     0.5531
1955     0.57685
1965     0.63705
1975     0.65715
1985     0.65555
1995     0.7052
2005     0.77565
2015     0.84975
2025     0.8731
2035     0.9743
2045     1.0835
2055     1.116
2065     1.172
2075     1.341
2085     1.585
2095     2.233
2105     2.9165
2115     3.501
2125     3.2705
2135     3.4465
2145     4.1725
2155     3.7715
2165     3.3635
2175     3.6665
2185     4.6215
2195     4.889
2205     4.933
2215     4.1195
2225     5.157001
2235     6.5405
2245     6.1255
2255     5.445
2265     4.11
2275     4.134
2285     5.3965
2295     4.955
2305     5.416
2315     5.2955
2325     5.5275
2335     4.6635
2345     4.0555
2355     5.335
2365     5.055
2375     5.041
2385     4.361
2395     4.594
2405     4.1095
2415     5.3265
2425     7.3245
2435     6.9055
2445     6.34
2455     5.1465
2465     5.245
2475     5.7705
2485     4.7485
2495     5.859
2505     6.2665
2515     4.8065
2525     4.3185
2535     5.3615
2545     6.196
2555     8.224
2565     10.55
2575     13.01
2585     12.98
2595     10.85
2605     8.9155
2615     9.3045
2625     10.8
2635     16.955
2645     25.91
2655     26.255
2665     25.895
2675     26.06
2685     25.335
2695     24.81
2705     27.76
2715     23.295
2725     20.485
2735     20.535
2745     13.815
2755     18.155
2765     25.205
2775     24.33
2785     16.54
2795     9.0585
2805     9.9785
2815     21.69
2825     30.475
2835     32.53
2845     24.475
2855     16.96
2865     33.34
2875     34.79
2885     33.29
2895     48.92
2905     62.255
2915     60.18
2925     53.95
2935     55.45
2945     52.68
2955     57.115
2965     52.58
2975     52.465
2985     48.2
2995     50.155
3005     43.615
3015     47.275
3025     50.69
3035     64.455
3045     62.55
3055     61.675
3065     57.705
3075     63.85
3085     63.51
3095     51.645
3105     64.82
3115     75.64
3125     68.08
3135     72.58
3145     68.815
3155     65.685
3165     65.60001
3175     80.25
3185     69.035
3195     73.86
3205     83.49
3215     72.595
3225     71.45
3235     68.625
3245     78.95999
3255     90.99
3265     101.55
3275     98.83
3285     95.21001
3295     110
3305     105.35
3315     100.135
3325     99.07
3335     95.49
3345     99.39
3355     97.755
3365     83.96001
3375     87.36
3385     95.60001
3395     99.445
3405     104.3
3415     95.85
3425     103.05
3435     98.705
3445     82.69
3455     97.35
3465     96.075
3475     93.52
3485     93.14999
3495     92.43001
3505     108.75
3515     101.65
3525     94.24001
3535     107.15
3545     115.05
3555     108.4
3565     94.27
3575     82.595
3585     72.11
3595     103.05
3605     100.5
3615     91.19499
3625     103.55
3635     103.4
3645     105.1
3655     119.65
3665     127.9
3675     122.55
3685     114.35
3695     127.5
3705     118.55
3715     122
3725     109.65
3735     95.745
3745     93.685
3755     110.3
3765     112.8
3775     133.05
3785     137.55
3795     110.75
3805     124.55
3815     111.85
3825     81.95
3835     71.095
3845     99.32
3855     104.55
3865     104.3
3875     103.9
3885     101.95
3895     121.45
3905     128.95
3915     138.75
3925     105.7
3935     60.455
3945     106.3
3955     136.05
3965     88.405
3975     95.88
3985     157.65
3995     172.25
4005     174.2
4015     181.2
4025     182.55
4035     174.95
4045     173.8
4055     173.15
4065     165.1
4075     168.8
4085     179.95
4095     177.6
4105     150.4
4115     182.2
4125     179.4
4135     176
4145     174.1
4155     173.8
4165     184.7
4175     166.9
4185     168.8
4195     170.5
4205     176.2
4215     180.2
4225     158.6
4235     171.5
4245     177.2
4255     169.9
4265     170.2
4275     157.3
4285     159.1
4295     147.9
4305     113.8
4315     169
4325     165
4335     173.5
4345     167.4
4355     172.7
4365     193.4
4375     181.1
4385     157.1
4395     183
4405     171.7
4415     193.6
4425     198.5
4435     191.4
4445     197.8
4455     182.6
4465     189.6
4475     208.2
4485     197.8
4495     203.2
4505     214.9
4515     211.4
4525     194.6
4535     197.5
4545     198.4
4555     203.9
4565     208.2
4575     210.5
4585     197.6
4595     201.4
4605     204.5
4615     206
4625     210.9
4635     204.5
4645     198.1
4655     204.7
4665     192.6
4675     202
4685     199.9
4695     199.5
4705     188.2
4715     202.3
4725     204.6
4735     199.6
4745     205.6
4755     202.1
4765     196.1
4775     208
4785     201.4
4795     208.1
4805     204
4815     209.5
4825     202.8
4835     202.4
4845     197.4
4855     183.5
4865     162.9
4875     183.5
4885     191.9
4895     196.5
4905     201.2
4915     190.1
4925     190.1
4935     189.3
4945     206.3
4955     193.1
4965     202.2
4975     202.3
4985     187.1
4995     197.5
5005     186.2
5015     181.7
5025     189.9
5035     193.9
5045     187.4
5055     199.8
5065     196.6
5075     191.1
5085     192.4
5095     192.1
5105     195.2
5115     200.2
5125     187.2
5135     186.6
5145     187.9
5155     190.5
5165     167.3
5175     173
5185     165.8
5195     183.3
5205     183.6
5215     191.1
5225     182.8
5235     189.9
5245     196.3
5255     193.5
5265     167.8
5275     183.3
5285     190.2
5295     192.3
5305     195.7
5315     196.8
5325     177.5
5335     192.8
5345     186.3
5355     199.5
5365     187.6
5375     188.7
5385     190.9
5395     183.7
5405     177.4
5415     188.6
5425     183
5435     188.4
5445     188.4
5455     190.6
5465     188.4
5475     183.8
5485     186.8
5495     190
5505     186.7
5515     187.6
5525     185.1
5535     188.7
5545     190.3
5555     190.2
5565     182.6
5575     185.1
5585     179.2
5595     181.3
5605     184.8
5615     182.9
5625     185.5
5635     186.6
5645     185.9
5655     180.3
5665     183.4
5675     189.2
5685     181.5
5695     186.5
5705     177.4
5715     182.8
5725     189.7
5735     188.1
5745     187.2
5755     183.5
5765     185.1
5775     186.2
5785     178.8
5795     183.3
5805     184.3
5815     185.8
5825     187.8
5835     186.2
5845     186.5
5855     178.8
5865     183.5
5875     185.3
5885     175.4
5895     161.6
5905     181.8
5915     179.2
5925     181.3
5935     180.1
5945     177.8
5955     178.7
5965     181
5975     178.5
5985     176.2
5995     177.9
6005     175
6015     175.5
6025     172.3
6035     179.2
6045     178.1
6055     176.8
6065     176.4
6075     176.2
6085     174.7
6095     174.8
6105     170.7
6115     175
6125     170.9
6135     168.7
6145     171.7
6155     171.7
6165     161.3
6175     171.1
6185     172.8
6195     171.1
6205     173.8
6215     169.4
6225     171.7
6235     167
6245     166
6255     163.6
6265     170.1
6275     170.1
6285     170.1
6295     168.1
6310     164.3
6330     165.5
6350     166
6370     165.8
6390     165.5
6410     161.8
6430     162.5
6450     163.1
6470     160.7
6490     156.2
6510     161
6530     160.3
6550     153.6
6570     138.8
6590     155.3
6610     157.5
6630     155.9
6650     156.4
6670     153.9
6690     155
6710     152
6730     152.5
6750     151.4
6770     151.2
6790     150.2
6810     149.6
6830     148.3
6850     145.9
6870     147.1
6890     146.5
6910     145.2
6930     145.2
6950     144
6970     142
6990     142.9
7010     139
7030     139.2
7050     141.9
7070     140.4
7090     138.8
7110     138.9
7130     137.7
7150     137
7170     135.7
7190     133.1
7210     133.4
7230     135.1
7250     135.3
7270     134.9
7290     132.2
7310     132.9
7330     132.1
7350     131.2
7370     131
7390     128.1
7410     126.1
7430     128.9
7450     128.2
7470     128.6
7490     127.3
7510     126.5
7530     126.2
7550     125.8
7570     125.1
7590     124.3
7610     124
7630     124.4
7650     122.4
7670     118.8
7690     120.6
7710     120.7
7730     121.1
7750     119.1
7770     119.9
7790     119
7810     119
7830     117.9
7850     118.3
7870     118
7890     117.7
7910     116.1
7930     114.6
7950     113.7
7970     115.5
7990     113.8
8010     114.5
8030     113.2
8050     111.8
8070     112.3
8090     109.8
8110     111.7
8130     111.8
8150     111
8170     110.7
8190     106.6
8210     108.3
8230     107.6
8250     107.8
8270     107.9
8290     107.5
8310     107
8330     103.5
8350     105.4
8370     105.3
8390     104.3
8410     104.6
8430     102.9
8450     103.4
8470     102.6
8490     97.2
8510     100.4
8550     87.8
8570     101.2
8590     99.8
8610     99.8
8630     100
8650     97.1
8690     96.8
8700     96
8720     95.3
8740     95.6
8760     95.8
8780     93.4
8800     93.5
8820     92.3
8840     93.7
8860     92.2
8880     92.4
8900     92
8920     91.1
8940     91.4
8960     91.9
8980     89.4
9000     88.9
9020     89.1
9040     88.1
9060     88.1
9080     85.4
9100     86.5
9120     87.3
9140     86.5
9160     86
9180     86.1
9200     83.5
9220     82.8
9240     83.4
9260     83.9
9280     84.5
9300     84
9320     84.8
9340     83.5
9360     82
9380     82.8
9400     82.1
9420     80.6
9440     82.2
9460     81.7
9480     80.1
9500     80.3
9520     79.6
9540     78.5
9560     79.9
9580     79.6
9600     78.8
21720     8.551423
21740     8.555308
21760     8.46064
21780     8.317131
21800     8.528557
21820     8.343378
21840     8.456617
21860     8.453033
21880     8.16602
21900     8.322844
21920     8.370333
21940     8.32881
21960     8.298452
21980     8.297029
22000     8.2562
22020     8.210254
22040     8.213644
22060     7.784324
22080     7.97239
22100     8.109716
22120     8.097629
22140     8.06232
22160     7.971262
22180     7.962715
22200     8.001108
22220     7.957787
22240     7.923604
22260     7.752663
22280     7.844775
22300     7.83772
22320     7.830868
22340     7.821339
22360     7.778253
22380     7.619207
22400     7.665628
22420     7.652956
22440     7.661192
22460     7.656466
22480     7.515487
22500     7.589761
22520     7.54657
22540     7.409714
22560     7.463243
22580     7.492931
22600     7.477594
22620     7.300589
22640     7.391807
22660     7.336788
22680     7.366651
22700     7.350574
22720     7.299822
22740     7.255056
22760     7.290438
22780     7.277381
22800     7.234087
22820     6.916335
22840     7.153233
22860     7.11996
22880     7.141175
22900     7.124009
22920     7.089127
22940     6.839079
22960     6.892733
22980     6.879397
23000     6.915575
23020     6.930194
23040     6.918959
23060     6.905087
23080     6.889012
23100     6.848699
23120     6.840815
23140     6.838899
23160     6.744756
23180     6.681328
23200     6.755139
23220     6.609423
23240     6.471088
23260     6.468368
23280     6.589565
23300     6.604533
23320     6.527568
23340     6.562235
23360     6.470885
23380     6.444325
23400     6.525742
23420     6.515162
23440     6.499184
23460     6.46103
23480     6.461789
23500     6.450948
23520     6.186943
23540     6.165344
23560     6.27104
23580     6.180926
23600     6.260482
23620     6.283697
23640     6.253309
23660     6.243799
23680     6.232675
23700     6.154332
23720     6.183488
23740     5.954613
23760     6.139264
23780     6.173412
23800     6.141697
23820     6.065282
23840     5.751458
23860     5.758802
23880     5.96388
23900     5.976233
23920     5.944046
23940     5.945261
23960     5.92543
23980     5.95675
24000     5.867729
24020     5.916553
24040     5.894377
24060     5.867162
24080     5.855767
24100     5.847337
24120     5.843753
24140     5.593778
24160     5.43424
24180     5.709578
24200     5.673697
24220     5.692431
24240     5.649125
24260     5.644866
24280     5.638613
24300     5.661162
24320     5.629043
24340     5.58234
24360     5.525257
24380     5.5218
24400     5.580003
24420     5.557671
24440     5.542601
24460     5.417651
24480     5.366827
24500     5.351323
24520     5.344524
24540     5.404882
24560     5.307821
24580     5.242172
24600     5.393799
24620     5.37506
24640     5.3718
24660     5.343614
24680     5.337766
24700     5.169591
24720     5.31505
24740     5.207941
24760     5.281967
24780     5.242604
24800     5.024642
24820     5.025889
24840     5.191024
24860     5.001424
24880     5.154565
24900     5.153316
24920     5.136147
24940     5.078345
24960     5.094283
24980     5.074543
25000     5.090985
